// Textures
grass-leaf.jpg

// Points
1.079564 -1.362533 2.086651
1.289361 -1.704945 2.131493
0.722988 -1.579433 2.091802
0.933102 -1.922361 2.134320
1.518421 -2.070422 2.051974
1.156036 -2.294590 2.044997
0.886121 -1.046813 1.930911
0.529859 -1.264223 1.933764
0.721378 -0.769559 1.674760
0.358972 -0.993693 1.667940
-0.036254 0.059170 -0.093032
1.704852 -2.782508 1.635136
1.725806 0.208680 2.086651
2.127379 0.208680 2.131493
1.724463 -0.208680 2.091802
2.126642 -0.208680 2.134320
2.558682 0.213056 2.051974
2.560501 -0.213056 2.044997
1.355536 0.208680 1.930911
1.354793 -0.208680 1.933764
1.033061 0.213056 1.674760
1.034840 -0.213056 1.667940
-0.069393 0.000000 -0.093032
3.263260 0.000000 1.635136
-0.416873 -1.687653 2.086651
-0.559275 -2.063128 2.131493
-0.806634 -1.538396 2.091802
-0.949252 -1.914438 2.134320
-0.708130 -2.467955 2.051974
-1.107195 -2.318552 2.044997
-0.285571 -1.341445 1.930911
-0.675545 -1.192749 1.933764
-0.167126 -1.041479 1.674760
-0.566177 -0.892037 1.667940
0.024608 0.064884 -0.093032
-1.157192 -3.051193 1.635136
-1.589818 -0.703160 2.086651
-1.973916 -0.820332 2.131493
-1.710312 -0.303569 2.091802
-2.094989 -0.420918 2.134320
-2.385174 -0.950364 2.051974
-2.511246 -0.543325 2.044997
-1.235661 -0.595121 1.930911
-1.356728 -0.195706 1.933764
-0.925941 -0.505214 1.674760
-1.051974 -0.098164 1.667940
0.066374 0.020248 -0.093032
-3.121258 -0.952163 1.635136
-1.529069 0.826983 2.086651
-1.856804 1.059040 2.131493
-1.286793 1.166826 2.091802
-1.615022 1.399234 2.134320
-2.211332 1.304707 2.051974
-1.966579 1.653520 2.044997
-1.226882 0.613015 1.930911
-0.985095 0.953205 1.933764
-0.966229 0.423095 1.674760
-0.721443 0.771884 1.667940
0.056634 -0.040100 -0.093032
-2.663239 1.885743 1.635136
-0.281768 1.715389 2.086651
-0.298819 2.116600 2.131493
0.135273 1.731768 2.091802
0.118196 2.133584 2.134320
-0.321503 2.547328 2.051974
0.104147 2.567239 2.044997
-0.266047 1.345454 1.930911
0.150969 1.362431 1.933764
-0.256726 1.023084 1.674760
0.168925 1.042952 1.667940
0.002946 -0.069331 -0.093032
-0.138555 3.260317 1.635136
1.184184 1.272659 2.086651
1.491049 1.531686 2.131493
1.452367 0.952864 2.091802
1.759695 1.212281 2.134320
1.817811 1.813232 2.051974
2.094055 1.488789 2.044997
0.901239 1.033825 1.930911
1.169881 0.714416 1.933764
0.651995 0.829163 1.674760
0.928208 0.504693 1.667940
-0.053028 -0.044761 -0.093032
2.493647 2.104897 1.635136

// Faces
0 3 2 0.328678 0.964812 0.247956 0.031395 0.328679 0.029630 0
3 4 5 0.247956 0.031395 0.159526 0.970370 0.158650 0.035191 0
0 7 6 0.328678 0.964812 0.408946 0.031395 0.408878 0.966524 0
7 8 6 0.408946 0.031395 0.496884 0.970369 0.408878 0.966524 0
8 9 10 0.496884 0.970369 0.497746 0.035194 0.880929 0.501768 0
5 4 11 0.158650 0.035191 0.159526 0.970370 0.007619 0.501683 0
12 15 14 0.328678 0.964812 0.247956 0.031395 0.328679 0.029630 0
15 16 17 0.247956 0.031395 0.159526 0.970370 0.158650 0.035191 0
12 19 18 0.328678 0.964812 0.408946 0.031395 0.408878 0.966524 0
19 20 18 0.408946 0.031395 0.496884 0.970369 0.408878 0.966524 0
20 21 22 0.496884 0.970369 0.497746 0.035194 0.880929 0.501768 0
17 16 23 0.158650 0.035191 0.159526 0.970370 0.007619 0.501683 0
24 27 26 0.328678 0.964812 0.247956 0.031395 0.328679 0.029630 0
27 28 29 0.247956 0.031395 0.159526 0.970370 0.158650 0.035191 0
24 31 30 0.328678 0.964812 0.408946 0.031395 0.408878 0.966524 0
31 32 30 0.408946 0.031395 0.496884 0.970369 0.408878 0.966524 0
32 33 34 0.496884 0.970369 0.497746 0.035194 0.880929 0.501768 0
29 28 35 0.158650 0.035191 0.159526 0.970370 0.007619 0.501683 0
36 39 38 0.328678 0.964812 0.247956 0.031395 0.328679 0.029630 0
39 40 41 0.247956 0.031395 0.159526 0.970370 0.158650 0.035191 0
36 43 42 0.328678 0.964812 0.408946 0.031395 0.408878 0.966524 0
43 44 42 0.408946 0.031395 0.496884 0.970369 0.408878 0.966524 0
44 45 46 0.496884 0.970369 0.497746 0.035194 0.880929 0.501768 0
41 40 47 0.158650 0.035191 0.159526 0.970370 0.007619 0.501683 0
48 51 50 0.328678 0.964812 0.247956 0.031395 0.328679 0.029630 0
51 52 53 0.247956 0.031395 0.159526 0.970370 0.158650 0.035191 0
48 55 54 0.328678 0.964812 0.408946 0.031395 0.408878 0.966524 0
55 56 54 0.408946 0.031395 0.496884 0.970369 0.408878 0.966524 0
56 57 58 0.496884 0.970369 0.497746 0.035194 0.880929 0.501768 0
53 52 59 0.158650 0.035191 0.159526 0.970370 0.007619 0.501683 0
60 63 62 0.328678 0.964812 0.247956 0.031395 0.328679 0.029630 0
63 64 65 0.247956 0.031395 0.159526 0.970370 0.158650 0.035191 0
60 67 66 0.328678 0.964812 0.408946 0.031395 0.408878 0.966524 0
67 68 66 0.408946 0.031395 0.496884 0.970369 0.408878 0.966524 0
68 69 70 0.496884 0.970369 0.497746 0.035194 0.880929 0.501768 0
65 64 71 0.158650 0.035191 0.159526 0.970370 0.007619 0.501683 0
72 75 74 0.328678 0.964812 0.247956 0.031395 0.328679 0.029630 0
75 76 77 0.247956 0.031395 0.159526 0.970370 0.158650 0.035191 0
72 79 78 0.328678 0.964812 0.408946 0.031395 0.408878 0.966524 0
79 80 78 0.408946 0.031395 0.496884 0.970369 0.408878 0.966524 0
80 81 82 0.496884 0.970369 0.497746 0.035194 0.880929 0.501768 0
77 76 83 0.158650 0.035191 0.159526 0.970370 0.007619 0.501683 0
0 1 3 0.328678 0.964812 0.248024 0.966524 0.247956 0.031395 0
3 1 4 0.247956 0.031395 0.248024 0.966524 0.159526 0.970370 0
0 2 7 0.328678 0.964812 0.328679 0.029630 0.408946 0.031395 0
7 9 8 0.408946 0.031395 0.497746 0.035194 0.496884 0.970369 0
12 13 15 0.328678 0.964812 0.248024 0.966524 0.247956 0.031395 0
15 13 16 0.247956 0.031395 0.248024 0.966524 0.159526 0.970370 0
12 14 19 0.328678 0.964812 0.328679 0.029630 0.408946 0.031395 0
19 21 20 0.408946 0.031395 0.497746 0.035194 0.496884 0.970369 0
24 25 27 0.328678 0.964812 0.248024 0.966524 0.247956 0.031395 0
27 25 28 0.247956 0.031395 0.248024 0.966524 0.159526 0.970370 0
24 26 31 0.328678 0.964812 0.328679 0.029630 0.408946 0.031395 0
31 33 32 0.408946 0.031395 0.497746 0.035194 0.496884 0.970369 0
36 37 39 0.328678 0.964812 0.248024 0.966524 0.247956 0.031395 0
39 37 40 0.247956 0.031395 0.248024 0.966524 0.159526 0.970370 0
36 38 43 0.328678 0.964812 0.328679 0.029630 0.408946 0.031395 0
43 45 44 0.408946 0.031395 0.497746 0.035194 0.496884 0.970369 0
48 49 51 0.328678 0.964812 0.248024 0.966524 0.247956 0.031395 0
51 49 52 0.247956 0.031395 0.248024 0.966524 0.159526 0.970370 0
48 50 55 0.328678 0.964812 0.328679 0.029630 0.408946 0.031395 0
55 57 56 0.408946 0.031395 0.497746 0.035194 0.496884 0.970369 0
60 61 63 0.328678 0.964812 0.248024 0.966524 0.247956 0.031395 0
63 61 64 0.247956 0.031395 0.248024 0.966524 0.159526 0.970370 0
60 62 67 0.328678 0.964812 0.328679 0.029630 0.408946 0.031395 0
67 69 68 0.408946 0.031395 0.497746 0.035194 0.496884 0.970369 0
72 73 75 0.328678 0.964812 0.248024 0.966524 0.247956 0.031395 0
75 73 76 0.247956 0.031395 0.248024 0.966524 0.159526 0.970370 0
72 74 79 0.328678 0.964812 0.328679 0.029630 0.408946 0.031395 0
79 81 80 0.408946 0.031395 0.497746 0.035194 0.496884 0.970369 0
