40
// (		
0.25, 0.7 0.35, 1.0
0.25, 0.3 0.25, 0.7
0.25, 0.3 0.35, 0.0
41
// )		
0.25, 0.7 0.15, 1.0
0.25, 0.3 0.25, 0.7
0.25, 0.3 0.15, 0.0		
42
// *		
0.1, 0.5 0.4, 0.5
0.25, 0.5 0.25, 0.7
0.15, 0.2 0.25, 0.5
0.35, 0.2 0.25, 0.5
43
// +
0.05, 0.5 0.45, 0.5
0.25, 0.15 0.25, 0.85
44
// ,
0.2, -0.2 0.3, 0.2		
45
// -
0.05, 0.5 0.45, 0.5		
46
// .
0.25, 0.0 0.3, 0.0		
47
// /
0.1, 0.0 0.4, 1.0		
48
// 0
0.05, 0.2 0.05, 0.8
0.05, 0.8 0.15, 1.0
0.15, 1.0 0.35, 1.0
0.35, 1.0 0.45, 0.8
0.45, 0.8 0.45, 0.2
0.45, 0.2 0.35, 0.0
0.35, 0.0 0.15, 0.0
0.15, 0.0 0.05, 0.2
0.15, 0.0 0.35, 1.0
49
// 1
0.25, 0.0 0.25, 1.0
0.0, 0.75 0.25, 1.0
50
// 2
0.0, 0.75 0.0, 0.9
0.0, 0.9 0.1, 1.0
0.1, 1.0 0.4, 1.0	
0.4, 1.0 0.5, 0.9
0.5, 0.9 0.5, 0.6
0.5, 0.6 0.0, 0.0
0.0, 0.0 0.5, 0.0
51
// 3
0.0, 1.0 0.4, 1.0
0.4, 1.0 0.5, 0.75
0.5, 0.75 0.4, 0.5
0.4, 0.5 0.5, 0.25
0.5, 0.25 0.4, 0.0
0.1, 0.5 0.4, 0.5		
0.0, 0.0 0.4, 0.0
52
// 4
0.4, 0.0 0.4, 1.0
0.0, 0.3 0.4, 1.0
0.0, 0.3 0.5, 0.3
53
// 5
0.0, 1.0 0.4, 1.0		
0.0, 1.0 0.0, 0.5
0.0, 0.5 0.4, 0.5		
0.4, 0.5 0.5, 0.25
0.5, 0.25 0.4, 0.0
0.0, 0.0 0.4, 0.0
54
// 6
0.0, 0.2 0.0, 0.8
0.0, 0.8 0.1, 1.0
0.1, 1.0 0.4, 1.0
0.4, 0.5 0.5, 0.25
0.5, 0.25 0.4, 0.0
0.0, 0.5 0.4, 0.5
0.0, 0.2 0.1, 0.0		
0.1, 0.0 0.4, 0.0
55
// 7
0.0, 1.0 0.5, 1.0
0.5, 1.0 0.25, 0.0
56
// 8
0.0, 0.75 0.1, 1.0
0.0, 0.75 0.1, 0.5
0.1, 1.0 0.4, 1.0
0.4, 1.0 0.5, 0.75
0.5, 0.75 0.4, 0.5
0.4, 0.5 0.5, 0.25
0.5, 0.25 0.4, 0.0
0.1, 0.5 0.4, 0.5		
0.1, 0.0 0.4, 0.0
0.1, 0.0 0.0, 0.25
0.0, 0.25 0.1, 0.5
57
// 9
0.1, 0.5 0.5, 0.5
0.0, 0.75 0.1, 1.0
0.0, 0.75 0.1, 0.5
0.1, 1.0 0.4, 1.0
0.4, 1.0 0.5, 0.75
0.5, 0.75 0.5, 0.2
0.5, 0.2 0.4, 0.0
0.1, 0.0 0.4, 0.0
58
// :
0.25, 0.3 0.3, 0.3
0.25, 0.7 0.3, 0.7
61
// =
0.1, 0.3 0.4, 0.3
0.1, 0.7 0.4, 0.7
65
// A
0.0, 0.0 0.25, 1.0
0.25, 1.0 0.5, 0.0
0.06, 0.25 0.44, 0.25
66
// B
0.0, 0.0 0.0, 1.0
0.0, 1.0 0.4, 1.0
0.4, 1.0 0.5, 0.75
0.5, 0.75 0.4, 0.5
0.4, 0.5 0.5, 0.25
0.5, 0.25 0.4, 0.0
0.0, 0.5 0.4, 0.5		
0.0, 0.0 0.4, 0.0
67
// C
0.0, 0.2 0.0, 0.8
0.0, 0.8 0.1, 1.0
0.1, 1.0 0.5, 1.0
0.0, 0.2 0.1, 0.0
0.1, 0.0 0.5, 0.0
68
// D
0.05, 0.0 0.05, 1.0
0.3, 1.0 0.05, 1.0
0.3, 1.0 0.5, 0.75
0.5, 0.75 0.5, 0.25
0.5, 0.25 0.3, 0.0
0.3, 0.0 0.05, 0.0
69
// E
0.0, 0.0 0.0, 1.0
0.5, 1.0 0.0, 1.0
0.0, 0.5 0.3, 0.5
0.0, 0.0 0.5, 0.0
70
// F
0.0, 0.0 0.0, 1.0
0.5, 1.0 0.0, 1.0
0.0, 0.5 0.3, 0.5
71
// G
0.0, 0.2 0.0, 0.8
0.0, 0.8 0.1, 1.0
0.1, 1.0 0.5, 1.0
0.0, 0.2 0.1, 0.0
0.1, 0.0 0.5, 0.0
0.5, 0.0 0.5, 0.5
0.5, 0.5 0.3, 0.5
72
// H
0.0, 0.0 0.0, 1.0
0.0, 0.5 0.5, 0.5
0.5, 0.0 0.5, 1.0
73
// I
0.15, 0.0 0.35, 0.0
0.25, 0.0 0.25, 1.0
0.15, 1.0 0.35, 1.0
74
// J		
0.1, 0.0 0.4, 0.0
0.4, 0.0 0.5, 0.2		
0.5, 0.2 0.5, 1.0		
75
// K
0.0, 0.0 0.0, 1.0
0.0, 0.5 0.5, 1.0
0.0, 0.5 0.5, 0.0
76
// L
0.0, 0.0 0.0, 1.0
0.0, 0.0 0.5, 0.0
77
// M
0.0, 0.0 0.0, 1.0
0.0, 1.0 0.25, 0.5		
0.25, 0.5 0.5, 1.0		
0.5, 0.0 0.5, 1.0
78
// N
0.0, 0.0 0.0, 1.0
0.0, 1.0 0.5, 0.0
0.5, 0.0 0.5, 1.0
79
// O
0.05, 0.2 0.05, 0.8
0.05, 0.8 0.15, 1.0
0.15, 1.0 0.35, 1.0
0.35, 1.0 0.45, 0.8
0.45, 0.8 0.45, 0.2
0.45, 0.2 0.35, 0.0
0.35, 0.0 0.15, 0.0
0.15, 0.0 0.05, 0.2
80
// P
0.0, 0.0 0.0, 1.0
0.0, 1.0 0.4, 1.0
0.4, 1.0 0.5, 0.75
0.5, 0.75 0.4, 0.5
0.0, 0.5 0.4, 0.5
81
// Q
0.0, 0.2 0.0, 0.8
0.0, 0.8 0.1, 1.0
0.1, 1.0 0.4, 1.0
0.4, 1.0 0.5, 0.8
0.5, 0.8 0.5, 0.2
0.5, 0.2 0.4, 0.0
0.4, 0.0 0.1, 0.0
0.1, 0.0 0.0, 0.2
0.4, 0.2 0.5, 0.0		
82
// R
0.0, 0.0 0.0, 1.0
0.0, 1.0 0.4, 1.0
0.4, 1.0 0.5, 0.75
0.5, 0.75 0.4, 0.5
0.0, 0.5 0.4, 0.5
0.4, 0.5 0.5, 0.0
83
// S
0.1, 1.0 0.5, 1.0		
0.0, 0.75 0.1, 1.0
0.0, 0.75 0.1, 0.5
0.1, 0.5 0.4, 0.5		
0.4, 0.5 0.5, 0.25
0.5, 0.25 0.4, 0.0
0.0, 0.0 0.4, 0.0
84
// T
0.0, 1.0 0.5, 1.0
0.25, 0.0 0.25, 1.0		
85
// U
0.0, 0.2 0.0, 1.0
0.0, 0.2 0.1, 0.0
0.1, 0.0 0.4, 0.0
0.4, 0.0 0.5, 0.2
0.5, 0.2 0.5, 1.0
86
// V
0.0, 1.0 0.25, 0.0
0.25, 0.0 0.5, 1.0		
87
// W
0.0, 1.0 0.1, 0.0
0.1, 0.0 0.25, 0.5
0.25, 0.5 0.4, 0.0
0.4, 0.0 0.5, 1.0		
88
// X
0.0, 0.0 0.5, 1.0
0.0, 1.0 0.5, 0.0
89
// Y
0.0, 1.0 0.25, 0.5
0.5, 1.0 0.25, 0.5
0.25, 0.5 0.25, 0.0
90
// Z
0.0, 0.0 0.5, 0.0
0.0, 0.0 0.5, 1.0
0.0, 1.0 0.5, 1.0